1 0.53359375 0.30078125 0.08984375 0.05625
1 0.709375 0.31796875 0.1109375 0.06953125
1 0.38515625 0.340625 0.10546875 0.0640625
1 0.90390625 0.2390625 0.190625 0.13125
1 0.5328125 0.0453125 0.07890625 0.0515625
2 0.3828125 0.0140625 0.08125 0.028125
2 0.7109375 0.02734375 0.0984375 0.05234375
2 0.90390625 0.10234375 0.1921875 0.12734375
2 0.903125 0.0796875 0.19375 0.159375
2 0.53359375 0.03046875 0.0921875 0.0609375
2 0.7171875 0.47109375 0.1859375 0.38359375
2 0.84609375 0.46875 0.30703125 0.59609375
2 0.8578125 0.89921875 0.28359375 0.196875
2 0.521875 0.4828125 0.225 0.42421875
2 0.378125 0.51796875 0.18828125 0.4234375