2 0.96875 0.6265625 0.0625 0.746875
2 0.965625 0.1078125 0.06875 0.215625
2 0.55390625 0.1125 0.29609375 0.225
2 0.4234375 0.11484375 0.22734375 0.2265625
2 0.0640625 0.10078125 0.12734375 0.1984375
2 0.0953125 0.51640625 0.18984375 0.5609375
2 0.08203125 0.89765625 0.1640625 0.2046875
2 0.44140625 0.4828125 0.23203125 0.52109375
2 0.5484375 0.5625 0.29296875 0.69765625
0 0.3625 0.5 0.04765625 0.07734375
3 0.540625 0.38828125 0.23515625 0.253125
3 0.40078125 0.3796875 0.109375 0.2265625
3 0.403125 0.0828125 0.1 0.165625
3 0.5453125 0.0875 0.22109375 0.16796875
1 0.6265625 0.184375 0.115625 0.0625
1 0.4765625 0.18203125 0.1140625 0.07109375
1 0.48046875 0.25390625 0.11875 0.08046875
1 0.62265625 0.25625 0.121875 0.0796875