1 0.39140625 0.31875 0.0734375 0.04453125
1 0.63828125 0.32421875 0.0859375 0.04921875
1 0.2796875 0.30703125 0.03203125 0.01953125
1 0.34296875 0.3171875 0.04140625 0.01875
1 0.1421875 0.3296875 0.034375 0.01953125
1 0.090625 0.3015625 0.03203125 0.01953125
1 0.128125 0.31328125 0.0328125 0.015625
1 0.325 0.30078125 0.02578125 0.0140625
3 0.6515625 0.44609375 0.11875 0.15703125
3 0.3765625 0.45234375 0.14296875 0.17109375
3 0.28671875 0.3484375 0.040625 0.05703125
3 0.07734375 0.35859375 0.0453125 0.0671875
2 0.08203125 0.38359375 0.0578125 0.1828125
2 0.12109375 0.390625 0.0515625 0.17109375
2 0.13046875 0.40546875 0.05625 0.17578125
2 0.2765625 0.3796875 0.071875 0.1703125
2 0.3234375 0.38046875 0.046875 0.1734375
2 0.3375 0.34375 0.04765625 0.07109375
2 0.36875 0.525 0.1703125 0.459375
2 0.66484375 0.503125 0.1546875 0.40390625