1 0.4359375 0.22109375 0.13515625 0.17578125
1 0.08515625 0.1515625 0.16640625 0.2703125
1 0.74921875 0.1796875 0.11953125 0.1390625
1 0.159375 0.1828125 0.03828125 0.10625
1 0.1921875 0.2140625 0.04375 0.0765625
1 0.2546875 0.27421875 0.015625 0.03515625
2 0.1890625 0.2703125 0.05390625 0.2
2 0.128125 0.56015625 0.14609375 0.8796875
2 0.075 0.50390625 0.14609375 0.9921875
2 0.24609375 0.58203125 0.17578125 0.8359375
2 0.72734375 0.553125 0.278125 0.88828125
2 0.42734375 0.565625 0.321875 0.86796875