1 0.34453125 0.22265625 0.1140625 0.10234375
0 0.171875 0.71953125 0.1359375 0.1
0 0.10390625 0.7109375 0.07421875 0.0796875
0 0.30703125 0.84296875 0.05078125 0.078125
0 0.284375 0.8796875 0.0578125 0.08359375
0 0.66953125 0.74375 0.0890625 0.11328125
3 0.88671875 0.57265625 0.2265625 0.4296875
3 0.61875 0.6 0.1828125 0.38515625
3 0.40078125 0.57421875 0.26328125 0.44453125
0 0.54296875 0.65390625 0.0140625 0.040625
1 0.60234375 0.2734375 0.08671875 0.09296875
1 0.865625 0.1921875 0.1015625 0.11015625
2 0.37265625 0.58359375 0.29921875 0.83203125
2 0.6390625 0.61015625 0.21875 0.7796875
2 0.8703125 0.5671875 0.259375 0.86484375