1 0.9 0.32265625 0.05 0.04921875
1 0.78046875 0.36796875 0.03359375 0.028125
1 0.6546875 0.39375 0.03671875 0.03984375
2 0.02265625 0.55078125 0.03203125 0.1078125
2 0.053125 0.50859375 0.01796875 0.02890625
2 0.11015625 0.52109375 0.01953125 0.059375
3 0.30234375 0.37109375 0.05703125 0.07421875
3 0.91171875 0.45546875 0.0796875 0.15390625
3 0.79140625 0.4703125 0.0609375 0.1203125
3 0.64453125 0.4890625 0.07265625 0.13203125
2 0.3015625 0.3546875 0.08515625 0.103125
2 0.6515625 0.54921875 0.0890625 0.353125
2 0.7875 0.5234375 0.1125 0.34140625
2 0.89921875 0.53359375 0.1421875 0.4796875
0 0.95703125 0.525 0.01953125 0.02578125