1 0.8859375 0.51875 0.03984375 0.03515625
1 0.22578125 0.55078125 0.02734375 0.0265625
1 0.49609375 0.54453125 0.0390625 0.03828125
1 0.534375 0.53671875 0.02734375 0.03203125
1 0.5703125 0.50859375 0.03984375 0.040625
1 0.67109375 0.534375 0.025 0.03046875
1 0.6890625 0.49921875 0.02734375 0.03125
1 0.734375 0.56796875 0.0296875 0.0234375
3 0.2234375 0.64375 0.04765625 0.103125
3 0.4703125 0.6421875 0.0625 0.13671875
3 0.52734375 0.62109375 0.0421875 0.10859375
3 0.57265625 0.61015625 0.059375 0.11796875
3 0.65390625 0.66171875 0.0265625 0.0734375
3 0.6859375 0.6125 0.053125 0.140625
3 0.8765625 0.6265625 0.05703125 0.140625
0 0.51875 0.69921875 0.01796875 0.021875
0 0.4625 0.71328125 0.02578125 0.02890625
2 0.8703125 0.684375 0.07421875 0.37265625
2 0.7359375 0.68828125 0.04375 0.2703125
2 0.69296875 0.67734375 0.078125 0.39296875
2 0.66015625 0.68203125 0.05625 0.32578125
2 0.575 0.67890625 0.0703125 0.3859375
2 0.52578125 0.6921875 0.04375 0.35078125
2 0.47734375 0.7078125 0.08125 0.36484375
2 0.23515625 0.68203125 0.08046875 0.2953125