3 0.4859375 0.4578125 0.0109375 0.02265625
2 0.484375 0.45703125 0.0140625 0.02734375
1 0.48125 0.4484375 0.0046875 0.00859375
1 0.584375 0.63046875 0.01015625 0.0125
3 0.590625 0.64921875 0.01875 0.02265625
2 0.590625 0.64140625 0.02109375 0.034375
3 0.8265625 0.51640625 0.0140625 0.01875
1 0.82265625 0.5015625 0.0078125 0.00703125
2 0.82109375 0.52421875 0.02421875 0.0546875
1 0.715625 0.1109375 0.00546875 0.00703125
3 0.72109375 0.1203125 0.00859375 0.015625
3 0.88359375 0.23671875 0.0171875 0.02265625
1 0.88203125 0.2171875 0.009375 0.01015625
2 0.8828125 0.2328125 0.01796875 0.0453125
2 0.71875 0.11796875 0.01171875 0.0234375
1 0.38359375 0.41953125 0.00546875 0.00703125
1 0.39296875 0.41875 0.00546875 0.00546875
1 0.3765625 0.41796875 0.00703125 0.00625
1 0.3609375 0.4328125 0.00625 0.00703125
3 0.36171875 0.4421875 0.01171875 0.0109375
3 0.37578125 0.4328125 0.0109375 0.01875
3 0.3828125 0.42890625 0.00390625 0.00859375
3 0.39296875 0.42734375 0.00859375 0.009375
2 0.3921875 0.42421875 0.01015625 0.0171875
2 0.38359375 0.42421875 0.00625 0.0171875
2 0.375 0.42890625 0.0109375 0.02890625
2 0.36171875 0.4390625 0.01171875 0.021875