2 0.90625 0.70625 0.00703125 0.0171875
1 0.74765625 0.7453125 0.003125 0.003125
3 0.7484375 0.753125 0.0046875 0.00859375
2 0.74765625 0.75703125 0.00546875 0.02734375
1 0.68359375 0.8359375 0.0046875 0.0046875
2 0.68203125 0.85078125 0.0078125 0.03515625
3 0.2125 0.79453125 0.00546875 0.009375
3 0.23359375 0.7875 0.00625 0.0125
3 0.24921875 0.78125 0.0046875 0.01015625
3 0.2546875 0.78203125 0.00546875 0.01328125
1 0.2125 0.78359375 0.00390625 0.00390625
1 0.234375 0.7765625 0.00390625 0.0046875
2 0.2125 0.79921875 0.0125 0.03515625
2 0.23359375 0.79140625 0.0078125 0.03203125
2 0.2484375 0.78671875 0.0078125 0.03125
2 0.2546875 0.7875 0.0078125 0.0328125
3 0.43984375 0.95546875 0.01015625 0.02578125
2 0.43828125 0.9640625 0.01953125 0.04921875
1 0.553125 0.88359375 0.00625 0.00546875
1 0.52734375 0.88828125 0.0046875 0.0046875
3 0.5265625 0.89921875 0.00625 0.0109375
3 0.553125 0.8953125 0.0078125 0.0125
2 0.553125 0.89140625 0.009375 0.021875
2 0.52734375 0.89609375 0.00859375 0.0203125
2 0.3328125 0.74296875 0.0078125 0.02421875
1 0.39453125 0.70625 0.003125 0.003125
2 0.39453125 0.71328125 0.0078125 0.01796875
3 0.3046875 0.68984375 0.00546875 0.0078125
2 0.3046875 0.69375 0.00703125 0.01953125
3 0.6484375 0.75 0.00703125 0.0109375
2 0.6484375 0.75703125 0.0109375 0.0359375
3 0.58828125 0.76796875 0.00546875 0.0109375
2 0.58828125 0.7734375 0.00859375 0.02734375
3 0.51796875 0.76953125 0.00390625 0.0078125
2 0.5171875 0.77109375 0.00625 0.01875