3 0.0375 0.57734375 0.075 0.2859375
3 0.234375 0.403125 0.03125 0.0921875
3 0.19609375 0.43359375 0.0546875 0.121875
3 0.27109375 0.42890625 0.046875 0.11171875
3 0.340625 0.47421875 0.05625 0.15703125
3 0.384375 0.3984375 0.03515625 0.0859375
3 0.41328125 0.4734375 0.05625 0.1125
3 0.44296875 0.43046875 0.021875 0.0703125
3 0.48984375 0.4859375 0.08125 0.17265625
3 0.571875 0.45390625 0.06875 0.1140625
3 0.659375 0.44375 0.04609375 0.10859375
3 0.70234375 0.47265625 0.07265625 0.12578125
3 0.753125 0.44375 0.053125 0.09921875
1 0.76640625 0.36796875 0.028125 0.03046875
1 0.69609375 0.365625 0.0375 0.03984375
1 0.66640625 0.34921875 0.02890625 0.03359375
1 0.56875 0.35390625 0.028125 0.03046875
1 0.55234375 0.346875 0.02265625 0.0265625
1 0.50234375 0.3546875 0.04140625 0.0421875
1 0.4375 0.37109375 0.015625 0.0234375
1 0.4171875 0.3625 0.03046875 0.034375
1 0.4078125 0.34453125 0.01796875 0.01328125
1 0.38359375 0.32578125 0.02109375 0.0234375
1 0.3515625 0.340625 0.0390625 0.040625
1 0.32578125 0.35546875 0.01484375 0.01875
1 0.26640625 0.3375 0.0296875 0.0296875
1 0.2 0.33203125 0.03203125 0.025
1 0.03671875 0.3171875 0.071875 0.0953125
0 0.7703125 0.45234375 0.0328125 0.03359375
0 0.7453125 0.496875 0.01640625 0.03046875
0 0.77578125 0.51015625 0.00859375 0.02265625
0 0.59453125 0.40078125 0.0109375 0.01640625
0 0.5390625 0.4953125 0.01171875 0.02890625
0 0.44921875 0.46328125 0.00546875 0.0203125
0 0.4125 0.55 0.01484375 0.0265625
0 0.384375 0.5171875 0.0171875 0.025
0 0.38359375 0.49921875 0.0078125 0.0171875
0 0.3125 0.45078125 0.00703125 0.01171875
0 0.30625 0.48359375 0.01484375 0.025
0 0.24140625 0.49140625 0.01328125 0.02890625
0 0.17421875 0.49921875 0.01015625 0.01796875
0 0.01484375 0.7390625 0.02890625 0.0578125
0 0.07734375 0.71328125 0.0234375 0.04453125
2 0.0671875 0.6328125 0.134375 0.734375
2 0.22734375 0.45859375 0.04765625 0.28125
2 0.19921875 0.48515625 0.0703125 0.334375
2 0.27265625 0.4765625 0.08046875 0.3109375
2 0.31640625 0.45 0.034375 0.20859375
2 0.35078125 0.53046875 0.0765625 0.41875
2 0.384375 0.453125 0.0390625 0.27734375
2 0.4078125 0.3515625 0.01640625 0.03125
2 0.440625 0.45234375 0.0234375 0.18828125
2 0.41640625 0.4859375 0.0625 0.27890625
2 0.51875 0.43203125 0.0171875 0.078125
2 0.49453125 0.53828125 0.08515625 0.4109375
2 0.54453125 0.46484375 0.0390625 0.265625
2 0.5765625 0.503125 0.0703125 0.32578125
2 0.659375 0.45703125 0.04765625 0.2484375
2 0.728125 0.53671875 0.11484375 0.384375
2 0.7546875 0.48046875 0.0546875 0.25625