1 0.2546875 0.22890625 0.0296875 0.034375
1 0.3625 0.32578125 0.02109375 0.03671875
1 0.42734375 0.4703125 0.01953125 0.03203125
1 0.34453125 0.4421875 0.021875 0.03671875
0 0.3078125 0.29296875 0.009375 0.02265625
0 0.26171875 0.35 0.009375 0.0265625
0 0.35 0.3890625 0.01171875 0.01328125
0 0.39296875 0.37265625 0.01015625 0.015625
0 0.4109375 0.525 0.00546875 0.0078125
0 0.35 0.51640625 0.01328125 0.02578125
0 0.38046875 0.471875 0.0078125 0.0109375
0 0.4515625 0.4984375 0.00859375 0.01640625
0 0.4890625 0.65390625 0.00390625 0.00703125
1 0.47734375 0.659375 0.01796875 0.0296875
1 0.5390625 0.67265625 0.015625 0.0296875
3 0.53359375 0.6796875 0.034375 0.0515625
3 0.4234375 0.48359375 0.03125 0.053125
3 0.35078125 0.45703125 0.05078125 0.07421875
3 0.36171875 0.34921875 0.04140625 0.06953125
3 0.27265625 0.28125 0.06484375 0.09765625
2 0.28046875 0.31171875 0.08203125 0.19921875
2 0.36796875 0.38203125 0.06015625 0.15
2 0.36484375 0.478125 0.07890625 0.115625
2 0.42890625 0.503125 0.053125 0.09375
2 0.4765625 0.67734375 0.03046875 0.078125
2 0.534375 0.69296875 0.03671875 0.0796875