1 0.84765625 0.28359375 0.08046875 0.06953125
2 0.265625 0.83828125 0.3 0.3234375
3 0.6328125 0.478125 0.0609375 0.13515625
2 0.0078125 0.3015625 0.015625 0.1625
2 0.01484375 0.24609375 0.01953125 0.0515625
2 0.0296875 0.2703125 0.0265625 0.03671875
2 0.0640625 0.45859375 0.0890625 0.40078125
2 0.06015625 0.23125 0.01015625 0.0234375
2 0.07109375 0.2328125 0.01640625 0.02421875
2 0.10859375 0.42890625 0.06953125 0.3921875
2 0.1640625 0.4796875 0.0875 0.39609375
2 0.17734375 0.2515625 0.05234375 0.04921875
2 0.23125 0.275 0.0796875 0.125
2 0.28984375 0.49375 0.15546875 0.365625
2 0.34921875 0.31640625 0.11796875 0.22890625
2 0.3796875 0.21015625 0.03046875 0.12265625
2 0.48671875 0.18046875 0.02734375 0.0890625
2 0.5203125 0.3484375 0.1234375 0.2640625
2 0.64140625 0.50703125 0.0796875 0.33828125
2 0.8328125 0.45625 0.1671875 0.4390625
1 0.621875 0.3546875 0.03828125 0.04921875
3 0.83046875 0.50625 0.11875 0.253125