2 0.36953125 0.096875 0.09375 0.190625
2 0.21796875 0.07265625 0.075 0.14140625
2 0.30234375 0.19296875 0.20859375 0.38203125
2 0.134375 0.15859375 0.13125 0.3171875
2 0.0734375 0.19140625 0.146875 0.3828125
2 0.01796875 0.28984375 0.0359375 0.1734375
2 0.03984375 0.396875 0.0796875 0.2734375
2 0.1171875 0.5859375 0.228125 0.43515625
2 0.18125 0.8109375 0.1625 0.378125
2 0.1515625 0.83828125 0.215625 0.32265625
2 0.05703125 0.8671875 0.1125 0.26484375
2 0.2421875 0.35546875 0.20390625 0.41640625
2 0.28125 0.68671875 0.2171875 0.6265625
2 0.375 0.90625 0.1921875 0.1875
2 0.60546875 0.85234375 0.27578125 0.29453125
2 0.4984375 0.78046875 0.15078125 0.31953125
2 0.48046875 0.540625 0.2 0.4390625
2 0.478125 0.38671875 0.22421875 0.471875
2 0.50703125 0.1953125 0.1890625 0.30703125
2 0.5171875 0.103125 0.2 0.20625
2 0.6796875 0.13125 0.19296875 0.2625
2 0.66796875 0.32421875 0.1640625 0.30390625
2 0.67734375 0.68515625 0.2296875 0.6296875
2 0.87578125 0.75 0.2484375 0.5
2 0.90078125 0.43203125 0.1984375 0.4203125
2 0.784375 0.5640625 0.1859375 0.81953125
2 0.85625 0.240625 0.11640625 0.26796875
2 0.8 0.071875 0.06796875 0.14375
2 0.85546875 0.1265625 0.14375 0.23984375
2 0.93515625 0.04609375 0.0328125 0.09140625
2 0.96640625 0.128125 0.0640625 0.25625