0 0.04921875 0.3203125 0.0578125 0.078125
0 0.09296875 0.50703125 0.08671875 0.11640625
0 0.4140625 0.51640625 0.06484375 0.10078125
0 0.3125 0.659375 0.08515625 0.12734375
1 0.88046875 0.28359375 0.034375 0.03671875
1 0.76015625 0.21171875 0.05625 0.1
1 0.3421875 0.2203125 0.090625 0.17421875
1 0.09375 0.06484375 0.09375 0.1296875
2 0.11875 0.48984375 0.20234375 0.978125
2 0.36171875 0.56640625 0.2234375 0.8671875
2 0.69765625 0.48125 0.18203125 0.628125
2 0.85859375 0.471875 0.0984375 0.41171875