2 0.85234375 0.56640625 0.24296875 0.74375
2 0.815625 0.53671875 0.31171875 0.92578125
0 0.6046875 0.41328125 0.01953125 0.0375
0 0.58828125 0.409375 0.02109375 0.0453125
0 0.38671875 0.3328125 0.0296875 0.046875
0 0.38515625 0.3453125 0.03359375 0.071875
0 0.22109375 0.40703125 0.0265625 0.0484375
0 0.18515625 0.3953125 0.03046875 0.05625
2 0.15625 0.12890625 0.021875 0.0984375
2 0.1984375 0.3890625 0.115625 0.6453125
2 0.3828125 0.35234375 0.13125 0.675
2 0.61171875 0.4125 0.13046875 0.62109375