3 0.16328125 0.2875 0.0328125 0.0734375
1 0.27890625 0.18984375 0.01640625 0.028125
1 0.1703125 0.228125 0.02265625 0.02109375
0 0.18984375 0.334375 0.0078125 0.01640625
0 0.28125 0.24609375 0.00546875 0.0078125
0 0.26640625 0.2546875 0.00703125 0.0140625
3 0.25390625 0.22265625 0.0328125 0.06484375
1 0.75 0.1015625 0.0171875 0.0328125
1 0.66015625 0.10546875 0.01953125 0.03203125
3 0.74765625 0.14453125 0.0234375 0.06015625
3 0.68125 0.16875 0.05078125 0.09296875
0 0.64609375 0.21640625 0.0125 0.03359375
2 0.7453125 0.1625 0.03515625 0.1578125
2 0.684375 0.23125 0.090625 0.284375
2 0.2609375 0.253125 0.0515625 0.15859375
2 0.18125 0.33046875 0.06953125 0.228125