1 0.4546875 0.275 0.04296875 0.07734375
1 0.2875 0.2609375 0.053125 0.0578125
1 0.33671875 0.3671875 0.01640625 0.0359375
1 0.63203125 0.45703125 0.021875 0.03671875
1 0.74609375 0.29140625 0.0140625 0.0234375
0 0.7453125 0.4171875 0.01171875 0.028125
0 0.6421875 0.57109375 0.009375 0.01953125
1 0.496875 0.47734375 0.015625 0.03046875
2 0.48984375 0.49453125 0.0296875 0.06484375
2 0.6296875 0.51015625 0.059375 0.14375
2 0.75234375 0.4140625 0.03515625 0.26015625
2 0.4375 0.509375 0.08828125 0.5515625
2 0.33203125 0.403125 0.02421875 0.1078125
2 0.275 0.52578125 0.10859375 0.59609375
0 0.321875 0.5375 0.015625 0.06328125
0 0.23515625 0.553125 0.02109375 0.06171875
3 0.26875 0.43828125 0.10390625 0.23359375