1 0.77890625 0.97734375 0.0359375 0.0453125
0 0.74765625 0.6890625 0.01328125 0.021875
0 0.7640625 0.6375 0.01640625 0.0234375
1 0.7328125 0.603125 0.01796875 0.04375
1 0.3109375 0.19921875 0.02578125 0.0328125
1 0.5875 0.23046875 0.02578125 0.03828125
3 0.77109375 0.64296875 0.05 0.11640625
2 0.7609375 0.71953125 0.071875 0.2796875
0 0.56640625 0.3515625 0.0140625 0.03828125
0 0.60234375 0.35625 0.0078125 0.03515625
3 0.58046875 0.30078125 0.03515625 0.08515625
2 0.58046875 0.34765625 0.05078125 0.27578125
0 0.32890625 0.3578125 0.01015625 0.03125
0 0.30625 0.33125 0.015625 0.02890625
3 0.30625 0.28515625 0.0390625 0.11484375
2 0.30546875 0.3234375 0.05703125 0.2828125