1 0.13828125 0.19453125 0.034375 0.04921875
1 0.2171875 0.18984375 0.034375 0.0484375
1 0.31328125 0.2796875 0.04375 0.06875
1 0.48515625 0.26484375 0.0421875 0.07109375
1 0.41640625 0.18125 0.03359375 0.04921875
1 0.3921875 0.2078125 0.0234375 0.04296875
3 0.4171875 0.278125 0.078125 0.07890625
3 0.54453125 0.384375 0.08203125 0.1984375
3 0.2515625 0.38671875 0.0953125 0.1875
3 0.2125 0.33203125 0.08515625 0.165625
3 0.13125 0.31484375 0.08203125 0.159375
2 0.13046875 0.38828125 0.096875 0.43828125
2 0.2140625 0.39765625 0.0875 0.46875
2 0.2625 0.4765625 0.14453125 0.46640625
2 0.37734375 0.25546875 0.04765625 0.13359375
2 0.4078125 0.23984375 0.1015625 0.171875
2 0.525 0.434375 0.1203125 0.41171875