2 0.265625 0.59140625 0.01640625 0.0515625
3 0.265625 0.59453125 0.01484375 0.0296875
3 0.82265625 0.49453125 0.02109375 0.04765625
3 0.9890625 0.515625 0.021875 0.03203125
3 0.9578125 0.54140625 0.02421875 0.040625
1 0.98203125 0.53125 0.0109375 0.01796875
1 0.96875 0.51640625 0.0109375 0.01640625
1 0.834375 0.4625 0.00859375 0.0125
2 0.825 0.503125 0.03125 0.09453125
0 0.97265625 0.534375 0.00390625 0.0078125
2 0.98515625 0.52734375 0.0296875 0.0578125
2 0.953125 0.5421875 0.040625 0.0671875
1 0.88203125 0.1546875 0.01171875 0.0125
3 0.87421875 0.184375 0.01875 0.0390625
2 0.87421875 0.2046875 0.028125 0.1140625